kE=1000;
Tp=60;
kp=500;
kc=125;
Tc=300;